als_peak_fitting
pre: [0.9300699300699301], rec: [0.8562231759656652]
map50: 0.8704391535275864, map50_95: 0.685266347587498
rss: 0.3772863890549415
airPLS_peak_fitting
pre: [0.936975001257482], rec: [0.8760346124905944]
map50: 0.8894007845398092, map50_95: 0.6766411948573067
rss: 0.3093225398531444
